20
4
0 1964 2451 3891 4871 1303 1418 4072 4494 2116 2361 2979 3869 4648 5489 4700 3124 3726 5456 4971
1964 0 3713 5153 4565 1861 2680 3766 4188 1810 2055 2673 3563 5910 6751 5962 4386 4988 5150 6233
2451 3713 0 2112 6620 3052 1571 5821 6243 3865 4110 4728 5618 2869 3710 2921 1345 1947 7205 3192
3891 5153 2112 0 8060 4492 3011 7261 7683 5305 5550 6168 7058 2019 2860 2071 2169 1097 8645 2342
4871 4565 6620 8060 0 4768 5587 2059 951 3585 3264 2506 2126 8817 9658 8869 7293 7895 1375 9140
1303 1861 3052 4492 4768 0 2019 3969 4391 2013 2258 2876 3766 5249 6090 5301 3725 4327 5353 5572
1418 2680 1571 3011 5587 2019 0 4788 5210 2832 3077 3695 4585 3768 4609 3820 2244 2846 6172 4091
4072 3766 5821 7261 2059 3969 4788 0 1682 2786 2465 1707 1327 8018 8859 8070 6494 7096 2644 8341
4494 4188 6243 7683 951 4391 5210 1682 0 3208 2887 2129 1749 8440 9281 8492 6916 7518 1536 8763
2116 1810 3865 5305 3585 2013 2832 2786 3208 0 1075 1693 2583 6062 6903 6114 4538 5140 4170 6385
2361 2055 4110 5550 3264 2258 3077 2465 2887 1075 0 1372 2262 6307 7148 6359 4783 5385 3849 6630
2979 2673 4728 6168 2506 2876 3695 1707 2129 1693 1372 0 1504 6925 7766 6977 5401 6003 3091 7248
3869 3563 5618 7058 2126 3766 4585 1327 1749 2583 2262 1504 0 7815 8656 7867 6291 6893 2711 8138
4648 5910 2869 2019 8817 5249 3768 8018 8440 6062 6307 6925 7815 0 2437 1648 2926 1120 9402 1919
5489 6751 3710 2860 9658 6090 4609 8859 9281 6903 7148 7766 8656 2437 0 919 3767 1961 10243 2466
4700 5962 2921 2071 8869 5301 3820 8070 8492 6114 6359 6977 7867 1648 919 0 2978 1172 9454 1677
3124 4386 1345 2169 7293 3725 2244 6494 6916 4538 4783 5401 6291 2926 3767 2978 0 2004 7878 3249
3726 4988 1947 1097 7895 4327 2846 7096 7518 5140 5385 6003 6893 1120 1961 1172 2004 0 8480 1443
5456 5150 7205 8645 1375 5353 6172 2644 1536 4170 3849 3091 2711 9402 10243 9454 7878 8480 0 9725
4971 6233 3192 2342 9140 5572 4091 8341 8763 6385 6630 7248 8138 1919 2466 1677 3249 1443 9725 0
