20
0.00 1.38 0.69 0.50 0.94 1.51 1.25 0.45 1.05 1.42 1.22 0.91 0.78 0.99 1.16 0.50 1.16 1.04 0.48 1.46
1.38 0.00 1.00 1.03 1.11 1.23 1.24 1.37 1.18 1.41 0.65 1.00 1.52 1.15 0.74 1.46 1.05 1.38 0.69 1.44
0.69 1.00 0.00 1.32 0.80 1.02 1.65 0.70 0.98 1.18 1.19 1.36 1.05 0.58 0.96 1.20 1.32 1.24 1.08 1.45
0.50 1.03 1.32 0.00 0.93 1.25 0.85 1.01 1.43 1.64 0.82 1.02 1.20 1.55 0.91 0.73 1.12 1.17 0.60 1.09
0.94 1.11 0.80 0.93 0.00 1.35 0.63 1.21 1.26 1.22 1.19 0.78 1.16 0.89 0.68 0.77 1.19 1.13 0.75 0.90
1.51 1.23 1.02 1.25 1.35 0.00 0.96 1.22 1.07 0.69 0.68 1.51 0.94 1.00 0.87 1.51 0.97 0.74 1.96 0.46
1.25 1.24 1.65 0.85 0.63 0.96 0.00 1.13 0.93 0.92 0.69 0.72 0.99 1.34 0.78 0.96 1.07 0.70 0.98 0.33
0.45 1.37 0.70 1.01 1.21 1.22 1.13 0.00 0.23 0.90 1.26 1.33 0.63 1.27 1.54 1.03 1.19 1.21 0.72 1.21
1.05 1.18 0.98 1.43 1.26 1.07 0.93 0.23 0.00 0.48 1.29 1.21 0.67 1.22 1.62 1.21 1.03 1.19 0.90 0.94
1.42 1.41 1.18 1.64 1.22 0.69 0.92 0.90 0.48 0.00 1.33 0.99 0.68 0.76 1.27 0.81 0.67 0.58 1.43 0.51
1.22 0.65 1.19 0.82 1.19 0.68 0.69 1.26 1.29 1.33 0.00 1.17 1.49 1.29 0.28 1.44 1.36 0.59 1.18 0.70
0.91 1.00 1.36 1.02 0.78 1.51 0.72 1.33 1.21 0.99 1.17 0.00 1.10 0.49 1.05 0.42 1.03 0.75 0.62 0.96
0.78 1.52 1.05 1.20 1.16 0.94 0.99 0.63 0.67 0.68 1.49 1.10 0.00 1.04 1.42 0.84 0.30 0.97 1.07 1.19
0.99 1.15 0.58 1.55 0.89 1.00 1.34 1.27 1.22 0.76 1.29 0.49 1.04 0.00 0.99 0.70 1.12 0.70 1.25 1.02
1.16 0.74 0.96 0.91 0.68 0.87 0.78 1.54 1.62 1.27 0.28 1.05 1.42 0.99 0.00 1.05 1.12 0.48 1.12 0.81
0.50 1.46 1.20 0.73 0.77 1.51 0.96 1.03 1.21 0.81 1.44 0.42 0.84 0.70 1.05 0.00 0.78 0.62 0.63 0.99
1.16 1.05 1.32 1.12 1.19 0.97 1.07 1.19 1.03 0.67 1.36 1.03 0.30 1.12 1.12 0.78 0.00 0.95 1.03 1.24
1.04 1.38 1.24 1.17 1.13 0.74 0.70 1.21 1.19 0.58 0.59 0.75 0.97 0.70 0.48 0.62 0.95 0.00 1.34 0.46
0.48 0.69 1.08 0.60 0.75 1.96 0.98 0.72 0.90 1.43 1.18 0.62 1.07 1.25 1.12 0.63 1.03 1.34 0.00 1.57
1.46 1.44 1.45 1.09 0.90 0.46 0.33 1.21 0.94 0.51 0.70 0.96 1.19 1.02 0.81 0.99 1.24 0.46 1.57 0.00
