21
0 2085 4251 4664 4286 2478 3361 1280 5521 3120 2933 5592 1823 2821 4565 4473 2585 4463 5570 2877 3174
2085 0 4166 6475 4201 4289 3276 1987 5436 3035 4744 5507 3634 2736 4480 6284 4396 6274 5485 4688 3089
4251 4166 0 8641 877 6455 2490 4153 1714 3023 6910 1785 5800 3020 758 8450 6562 8440 1763 6854 1183
4664 6475 8641 0 8676 3212 7751 5670 9911 7510 2979 9982 4577 7211 8955 2097 3717 1625 9960 2023 7564
4286 4201 877 8676 0 6490 2525 4188 2147 3058 6945 2218 5835 3055 1191 8485 6597 8475 2196 6889 1218
2478 4289 6455 3212 6490 0 5565 3484 7725 5324 1481 7796 2391 5025 6769 3021 1531 3011 7774 1425 5378
3361 3276 2490 7751 2525 5565 0 3263 3760 2133 6020 3831 4910 2130 2804 7560 5672 7550 3809 5964 1413
1280 1987 4153 5670 4188 3484 3263 0 5423 3022 3939 5494 2829 2723 4467 5479 3591 5469 5472 3883 3076
5521 5436 1714 9911 2147 7725 3760 5423 0 4293 8180 1471 7070 4290 1882 9720 7832 9710 1449 8124 2453
3120 3035 3023 7510 3058 5324 2133 3022 4293 0 5779 4364 4669 1889 3337 7319 5431 7309 4342 5723 1946
2933 4744 6910 2979 6945 1481 6020 3939 8180 5779 0 8251 2846 5480 7224 2788 1986 2778 8229 1192 5833
5592 5507 1785 9982 2218 7796 3831 5494 1471 4364 8251 0 7141 4361 1953 9791 7903 9781 886 8195 2524
1823 3634 5800 4577 5835 2391 4910 2829 7070 4669 2846 7141 0 4370 6114 4386 2498 4376 7119 2790 4723
2821 2736 3020 7211 3055 5025 2130 2723 4290 1889 5480 4361 4370 0 3334 7020 5132 7010 4339 5424 1943
4565 4480 758 8955 1191 6769 2804 4467 1882 3337 7224 1953 6114 3334 0 8764 6876 8754 1931 7168 1497
4473 6284 8450 2097 8485 3021 7560 5479 9720 7319 2788 9791 4386 7020 8764 0 3526 1896 9769 1832 7373
2585 4396 6562 3717 6597 1531 5672 3591 7832 5431 1986 7903 2498 5132 6876 3526 0 3516 7881 1930 5485
4463 6274 8440 1625 8475 3011 7550 5469 9710 7309 2778 9781 4376 7010 8754 1896 3516 0 9759 1822 7363
5570 5485 1763 9960 2196 7774 3809 5472 1449 4342 8229 886 7119 4339 1931 9769 7881 9759 0 8173 2502
2877 4688 6854 2023 6889 1425 5964 3883 8124 5723 1192 8195 2790 5424 7168 1832 1930 1822 8173 0 5777
3174 3089 1183 7564 1218 5378 1413 3076 2453 1946 5833 2524 4723 1943 1497 7373 5485 7363 2502 5777 0
